%YAML:1.0
---
K1: !!opencv-matrix
   rows: 3
   cols: 3
   dt: d
   data: [ 3.4094679101058109e+03, 0., 1.1958605388500828e+03, 0.,
       3.3969526941159083e+03, 9.8100716250872802e+02, 0., 0., 1. ]
K2: !!opencv-matrix
   rows: 3
   cols: 3
   dt: d
   data: [ 3.4047002306141662e+03, 0., 1.1539346435605919e+03, 0.,
       3.3849624652918114e+03, 1.0039533702004622e+03, 0., 0., 1. ]
D1: !!opencv-matrix
   rows: 1
   cols: 5
   dt: d
   data: [ -3.4991318069402887e-02, 1.7855096335082710e-01,
       6.8902056190030118e-04, 4.7131067183135667e-04,
       -2.6527795868967907e-01 ]
D2: !!opencv-matrix
   rows: 1
   cols: 5
   dt: d
   data: [ -4.0083430628517068e-02, 2.7703176893020376e-01,
       1.5950189200934130e-04, -9.1852731575949655e-05,
       -1.1462349783793278e+00 ]
R: !!opencv-matrix
   rows: 3
   cols: 3
   dt: d
   data: [ 9.6677221851974215e-01, -4.6808844014889260e-03,
       -2.5559649218961467e-01, 4.4886801933559503e-03,
       9.9998903428221020e-01, -1.3353147398518258e-03,
       2.5559993984455009e-01, 1.4365428148587866e-04,
       9.6678262816152716e-01 ]
T: !!opencv-matrix
   rows: 3
   cols: 1
   dt: d
   data: [ 1.8262740265265084e-01, 1.4254930557101547e-03,
       3.8009679773982855e-02 ]
E: !!opencv-matrix
   rows: 3
   cols: 3
   dt: d
   data: [ 1.9374264253106034e-04, -3.8009058192380492e-02,
       1.4288968084847167e-03, -9.9328506916656067e-03,
       -2.0415412546732429e-04, -1.8627614113032381e-01,
       -5.5837107890239687e-04, 1.8263207258030159e-01,
       1.2048596201723140e-04 ]
F: !!opencv-matrix
   rows: 3
   cols: 3
   dt: d
   data: [ -6.9245116628043735e-09, 1.3634780441870731e-06,
       -1.5034220783995580e-03, 3.5707780978940502e-07,
       7.3662121685587262e-09, 2.2397171675214586e-02,
       -2.8255274985777666e-04, -2.3886516965525632e-02, 1. ]
