%YAML:1.0
---
K1: !!opencv-matrix
   rows: 3
   cols: 3
   dt: d
   data: [ 4.7260171974184759e+03, 0., 1.1844066437059728e+03, 0.,
       4.7275932177867007e+03, 9.7008869263611268e+02, 0., 0., 1. ]
K2: !!opencv-matrix
   rows: 3
   cols: 3
   dt: d
   data: [ 4.7171730768490861e+03, 0., 1.1522597674341869e+03, 0.,
       4.7185309910548431e+03, 9.8642334221191993e+02, 0., 0., 1. ]
D1: !!opencv-matrix
   rows: 1
   cols: 5
   dt: d
   data: [ -1.0237817416162398e-01, 4.4849934770767241e-01,
       -7.8343206492789816e-04, -1.2441959137706824e-03,
       -4.6519216823081493e+00 ]
D2: !!opencv-matrix
   rows: 1
   cols: 5
   dt: d
   data: [ -9.8224599622855943e-02, 2.3066314206863218e-02,
       -9.7975532171944526e-04, -4.6865355250057977e-04,
       2.1490803056322991e+00 ]
R: !!opencv-matrix
   rows: 3
   cols: 3
   dt: d
   data: [ 8.7257526073961600e-01, 3.1799237643037538e-03,
       4.8846934645896101e-01, -6.3383366890461569e-03,
       9.9996833123830997e-01, 4.8126924362521155e-03,
       -4.8843857324458673e-01, -7.2955195375574980e-03,
       8.7256778278909064e-01 ]
T: !!opencv-matrix
   rows: 3
   cols: 1
   dt: d
   data: [ -4.9750890345734738e-01, 1.7399185178902609e-03,
       7.2543204612936604e-02 ]
E: !!opencv-matrix
   rows: 3
   cols: 3
   dt: d
   data: [ -3.9004006310099646e-04, -7.2553600869018506e-02,
       1.1690687112470160e-03, -1.7970313330116511e-01,
       -3.3989040649944581e-03, 4.6954537255492917e-01,
       1.6351690814970466e-03, -4.9749868077468812e-01,
       -3.2442541979629596e-03 ]
F: !!opencv-matrix
   rows: 3
   cols: 3
   dt: d
   data: [ 1.3218840080414492e-09, 2.4580929364055472e-07,
       -2.5874736271563290e-04, 6.0885626531740979e-07,
       1.1512065005392766e-08, -8.2508147775003076e-03,
       -6.2825457183226640e-04, 7.6562491312559076e-03, 1. ]
