%YAML:1.0
---
K1: !!opencv-matrix
   rows: 3
   cols: 3
   dt: d
   data: [ 4.6823738241229748e+03, 0., 1.2811006703472565e+03, 0.,
       4.6819282018829335e+03, 1.0571878852528891e+03, 0., 0., 1. ]
K2: !!opencv-matrix
   rows: 3
   cols: 3
   dt: d
   data: [ 4.6815500228986566e+03, 0., 1.2480921040976107e+03, 0.,
       4.6789893077539082e+03, 1.0219475662625293e+03, 0., 0., 1. ]
D1: !!opencv-matrix
   rows: 1
   cols: 5
   dt: d
   data: [ -8.5481569921370015e-02, 7.1990745825040336e-01,
       -4.3921957450925139e-04, -4.3621938915140292e-05,
       -6.6981268128558629e+00 ]
D2: !!opencv-matrix
   rows: 1
   cols: 5
   dt: d
   data: [ -6.7312788222337397e-02, 1.7399093055594853e-01,
       -6.2457666051302237e-04, -1.6873684682051039e-04,
       -1.8681622213420006e+00 ]
R: !!opencv-matrix
   rows: 3
   cols: 3
   dt: d
   data: [ 9.1416053571105360e-01, 6.7917442129243281e-03,
       -4.0529543194936907e-01, -7.1060362983563583e-03,
       9.9997448598344496e-01, 7.2912980425429035e-04,
       4.0529004329813717e-01, 2.2135023585302385e-03,
       9.1418547418491780e-01 ]
T: !!opencv-matrix
   rows: 3
   cols: 1
   dt: d
   data: [ 4.1007894130716255e-01, -2.7881981521812009e-04,
       1.2135052293781844e-01 ]
E: !!opencv-matrix
   rows: 3
   cols: 3
   dt: d
   data: [ 7.4931832583853325e-04, -1.2134804396688582e-01,
       -3.4337330802313554e-04, -5.5267052820381551e-02,
       -8.3528991868718266e-05, -4.2407102402350239e-01,
       -2.6591497704735899e-03, 4.1007037221913162e-01,
       1.8599638075922681e-04 ]
F: !!opencv-matrix
   rows: 3
   cols: 3
   dt: d
   data: [ -3.5890041217450157e-09, 5.8127509666300204e-07,
       -6.0221823703984344e-04, 2.6485704197762051e-07,
       4.0033521328441968e-10, 9.1761689190309817e-03,
       -2.0656399846436882e-04, -9.9218523694730599e-03, 1. ]
