%YAML:1.0
---
K1: !!opencv-matrix
   rows: 3
   cols: 3
   dt: d
   data: [ 3.5791347911281568e+03, 0., 1.1957946754002380e+03, 0.,
       3.5791988864169721e+03, 1.0192860544345991e+03, 0., 0., 1. ]
K2: !!opencv-matrix
   rows: 3
   cols: 3
   dt: d
   data: [ 3.5848480924429632e+03, 0., 1.2113009545403015e+03, 0.,
       3.5845577505989072e+03, 1.0254359238228235e+03, 0., 0., 1. ]
D1: !!opencv-matrix
   rows: 1
   cols: 5
   dt: d
   data: [ -4.4629155181416975e-02, 2.7513015344417102e-01,
       4.7891365804705779e-04, 8.7247726036461312e-05,
       3.2153087368582446e-02 ]
D2: !!opencv-matrix
   rows: 1
   cols: 5
   dt: d
   data: [ -4.8429248923039070e-02, 3.4575451605102181e-01,
       1.1380400111270675e-03, -1.8254378694762798e-04,
       -4.0190691812496926e-01 ]
R: !!opencv-matrix
   rows: 3
   cols: 3
   dt: d
   data: [ 9.4194320179555724e-01, 6.6658234420138409e-03,
       -3.3570607886806875e-01, -1.0396628319495081e-02,
       9.9990254467946460e-01, -9.3172562011280408e-03,
       3.3561125533974628e-01, 1.2266537464626470e-02,
       9.4192070650767012e-01 ]
T: !!opencv-matrix
   rows: 3
   cols: 1
   dt: d
   data: [ 3.2893048478595105e-01, 7.5557025237610320e-04,
       5.6532825531639137e-02 ]
E: !!opencv-matrix
   rows: 3
   cols: 3
   dt: d
   data: [ 8.4132865580062693e-04, -5.6518047876198255e-02,
       1.2384180851862320e-03, -5.7142062230702555e-02,
       -3.6580002812125370e-03, -3.2880484780805269e-01,
       -4.1314722559754888e-03, 3.2889339226222197e-01,
       -2.8110800723774162e-03 ]
F: !!opencv-matrix
   rows: 3
   cols: 3
   dt: d
   data: [ -5.2234866360023242e-09, 3.5089257806599458e-07,
       -3.7893316905419623e-04, 3.5480186332845847e-07,
       2.2712552248861495e-08, 6.8596993844835339e-03,
       -2.6554540900154282e-04, -7.7683580259471129e-03, 1. ]
